{"name":"G - Minimum Steiner Tree 2","group":"AtCoder - AtCoder Beginner Contest 395","url":"https://atcoder.jp/contests/abc395/tasks/abc395_g","interactive":false,"memoryLimit":1024,"timeLimit":4000,"tests":[{"input":"5 2\n0 395 395 1 1\n395 0 1 395 1\n395 1 0 395 1\n1 395 395 0 1\n1 1 1 1 0\n3\n3 4\n3 5\n4 5\n","output":"4\n3\n3\n","id":1740830599895},{"id":1740830599814,"input":"9 5\n0 344670307 744280520 967824729 322288793 152036485 628902494 596982638 853214705\n344670307 0 249168130 769431650 532405020 981520310 755031424 86416231 284114341\n744280520 249168130 0 80707350 256358888 620411718 713892371 272961036 836365490\n967824729 769431650 80707350 0 45539861 298766521 722757772 623807668 366719378\n322288793 532405020 256358888 45539861 0 361324668 69837030 222135106 935147464\n152036485 981520310 620411718 298766521 361324668 0 486834509 225447688 859904884\n628902494 755031424 713892371 722757772 69837030 486834509 0 434140395 490910900\n596982638 86416231 272961036 623807668 222135106 225447688 434140395 0 22078599\n853214705 284114341 836365490 366719378 935147464 859904884 490910900 22078599 0\n20\n9 7\n8 9\n9 8\n7 6\n9 8\n8 9\n9 7\n7 8\n7 8\n6 9\n9 8\n9 6\n8 6\n8 9\n6 8\n8 7\n7 6\n8 9\n7 6\n9 6\n","output":"849002970\n779165940\n779165940\n882119751\n779165940\n779165940\n849002970\n826924371\n826924371\n834361320\n779165940\n834361320\n812282721\n779165940\n812282721\n826924371\n882119751\n779165940\n882119751\n834361320\n"}],"testType":"single","input":{"type":"stdin"},"output":{"type":"stdout"},"languages":{"java":{"mainClass":"Main","taskClass":"GMinimumSteinerTree2"}},"batch":{"id":"30109c67-87ed-42e3-9101-34c0b2d3d0e5","size":7},"srcPath":"c:\\Users\\soura\\OneDrive\\Desktop\\Programming\\Competitive-programming\\G_Minimum_Steiner_Tree_2.cpp"}